=== Banker's algorithm input values ===
algorithm = Safety
strategy = smallest-index
num_process = 10
num_resource = 10
available_vector = [10,10,10,10,10,10,10,10,10,10]
allocation_matrix = [
0,0,0,0,0,0,0,0,0,0
0,0,0,0,0,0,0,0,0,0
0,0,0,0,0,0,0,0,0,0
0,0,0,0,0,0,0,0,0,0
0,0,0,0,0,0,0,0,0,0
0,0,0,0,0,0,0,0,0,0
0,0,0,0,0,0,0,0,0,0
0,0,0,0,0,0,0,0,0,0
0,0,0,0,0,0,0,0,0,0
0,0,0,0,0,0,0,0,0,0
]
max_matrix = [
10,10,10,10,10,10,10,10,10,10
10,10,10,10,10,10,10,10,10,10
10,10,10,10,10,10,10,10,10,10
10,10,10,10,10,10,10,10,10,10
10,10,10,10,10,10,10,10,10,10
10,10,10,10,10,10,10,10,10,10
10,10,10,10,10,10,10,10,10,10
10,10,10,10,10,10,10,10,10,10
10,10,10,10,10,10,10,10,10,10
10,10,10,10,10,10,10,10,10,10
]
need_matrix = [
10,10,10,10,10,10,10,10,10,10
10,10,10,10,10,10,10,10,10,10
10,10,10,10,10,10,10,10,10,10
10,10,10,10,10,10,10,10,10,10
10,10,10,10,10,10,10,10,10,10
10,10,10,10,10,10,10,10,10,10
10,10,10,10,10,10,10,10,10,10
10,10,10,10,10,10,10,10,10,10
10,10,10,10,10,10,10,10,10,10
10,10,10,10,10,10,10,10,10,10
]
finish_vector = [0,0,0,0,0,0,0,0,0,0]
=== Banker's algorithm execution ===
=== Step 0 ===
work_vector = [10,10,10,10,10,10,10,10,10,10]
finish_vector = [0,0,0,0,0,0,0,0,0,0]
=== Step 1 ===
work_vector = [10,10,10,10,10,10,10,10,10,10]
finish_vector = [1,0,0,0,0,0,0,0,0,0]
=== Step 2 ===
work_vector = [10,10,10,10,10,10,10,10,10,10]
finish_vector = [1,1,0,0,0,0,0,0,0,0]
=== Step 3 ===
work_vector = [10,10,10,10,10,10,10,10,10,10]
finish_vector = [1,1,1,0,0,0,0,0,0,0]
=== Step 4 ===
work_vector = [10,10,10,10,10,10,10,10,10,10]
finish_vector = [1,1,1,1,0,0,0,0,0,0]
=== Step 5 ===
work_vector = [10,10,10,10,10,10,10,10,10,10]
finish_vector = [1,1,1,1,1,0,0,0,0,0]
=== Step 6 ===
work_vector = [10,10,10,10,10,10,10,10,10,10]
finish_vector = [1,1,1,1,1,1,0,0,0,0]
=== Step 7 ===
work_vector = [10,10,10,10,10,10,10,10,10,10]
finish_vector = [1,1,1,1,1,1,1,0,0,0]
=== Step 8 ===
work_vector = [10,10,10,10,10,10,10,10,10,10]
finish_vector = [1,1,1,1,1,1,1,1,0,0]
=== Step 9 ===
work_vector = [10,10,10,10,10,10,10,10,10,10]
finish_vector = [1,1,1,1,1,1,1,1,1,0]
=== Step 10 ===
work_vector = [10,10,10,10,10,10,10,10,10,10]
finish_vector = [1,1,1,1,1,1,1,1,1,1]
=== Banker's algorithm result ===
The system is safe
execution_order = [0,1,2,3,4,5,6,7,8,9]
